208576
203247
500010222
5705224
505479284
14100920
100002338801395
714450330
217560
714038
1086840001
800983
762975524
34
767560056
516054195
1239220
610647866
505421674
100001485045454
223020
8701668
517294852
220439
205733
701922603
500636396
201488
688626964
836701
507266468
122614020
8700904
219370
220257
203866
622120230
1340940008
1700599
4801917
42
7901103
624060
543486022
36905751
516054195
1239220
202726
2416439
29395
610647866
514699839
10719934
501123858
679930430
214707
503599169
202603
9418141
1319289
5840
48300780
712692668
703
1000550
5300097
24400320
211031
8701668
505072358
750759912
4702676
2030
206785
637584533
1160
213466
670335864
501058033
7051
2244581
9074
732979223
852405200
614717407
3700464
508507781
512811
529272565
500011067
2101355
1138911382
2030
700240
122614020
500729356
219074
206186
1228890
500011038
622120230
580166821
625146231
8627805
562727359
664195469
1208381
623404304
500048405
715072330
3109559
503938184
1038202191
314913
1075581966
500085339
530929372
512811
680399858
29397
100001485045454
1014953
1681
763655334
3501774
852405200
28119889
1041808722
202135
611132719
216847
14900184
8093
203866
700650076
703541982
500015846
515551105
631115625
4842
500185165
223950
4850
785840643
16829165
625146231
304760
4813177
501181107
10708607
555750710
3500401
8903343
28119889
1217842
664195469
2901279
406068
1304370418
122601530
37000641
1036350030
1082088929
728642302
1586010043
203523
207088
204686
4602741
209229
223020
202157
688626964
201449
202801
2900336
204620
2416439
4802170
700963
808160108
1001952
4600499
7302594
202728
505421674
203122
298900048
2537489
506749663
1305210
433321
759590575
507465671
664024724
571756321
562210479
1228890
1082088929
2537489
517294852
100002526091955
732979223
506595415
560882380
211867
1256035600
729799691
1014953
1031376821
566111360
211133
208077
507663317
500017113
40310081
578230518
1315349
868440706
637380048
507663317
202012
1926698
718959508
314913
211867
1105730
19401714
583425539
647696511
14900184
517691898
207996
204060
207440
201896
763080228
16157
583425539
1400605
2250889
22601754
500012058
9372866
703
1086840001
507465671
223950
4702676
508540433
573126587
207088
4602741
3501563
579091105
528057051
6205900
803834
748825061
500014674
304760
1075581966
22601754
500011038
44
207440
8627805
201449
217560
662364605
16157
714038
555750710
718959508
5
562727359
206785
1200397
500014237
700650076
100002165336609
207830
6750
1111968
1031376821
628643502
10708607
630266137
621657040
750759912
11898
500367690
207996
1032644396
4842
679930430
703541982
224531
680980292
2236
3501774
672745547
641410402
530929372
1206314
500015846
211805
507994586
641846396
505072358
1414264
500085339
636748905
563426310
702819
508507781
1138911382
500836521
701922603
1256035600
204060
647285381
673387455
100003593377441
558259929
202801
664024724
221418
721125164
2607933
40310081
714450330
507266468
202786
14100920
673387455
621657040
201418
215394
637584533
628643502
1110201
1184436462
1105730
501486051
681560561
4708962
728966219
578230518
29888
4801660
203366
500017113
1926698
51
868440706
623404304
2528063
507306395
51
32703572
100002469556591
587494127
563010364
310700023
1184436462
4850
216760
433321
503599169
563426310
500052581
501181107
209229
30003184
19401714
504568583
205341
543
44
778947602
189
510366735
3400050
1092
2375
2767
2607933
1714
24568
3690
202685
1202422
6735
4807591
511497
741009523
500195510
213861
202965
30003184
741009523
2551
2236
5469
16476
1110201
19621
531464788
4300835
15704357
759590575
204620
202157
202728
2194
203366
211133
203523
587494127
501486051
215394
100005
27592
10732279
500093097
715072330
808160108
1700751
803834
571756321
517691898
5469
603416457
647285381
680399858
500048405
531464902
502085998
500093097
1700751
1041808722
100001337147974
4813177
631115625
691534599
531464788
2250889
500012058
32703572
1001952
510050388
716942711
19482
681560561
511497
500051478
500836521
3465
208077
587757757
210081
100001337147974
35021
12981
29888
19482
500013310
100000155763568
510050388
203122
202693
221418
5629
723366678
3534
5092
40
721125164
531464902
579189212
500012663
500195510
1202422
10732279
205341
28
13875
208
543
2767
2375
2291
27592
579189212
1063950108
636748905
504568583
2207936
300001
100056
600233
5629
3690
739
607018
8802064
500036
501219
602735
1503751
504932
10033
1103324
1500024
3534
2514
1214515
100005
8136
2402937
3100026
189
1214515
609550
12981
1060
3410
7500087
2400299
310700023
2400942
28500111
22501381
815824
800193
12001287
197
100003977886356
508777953
